Loss: 26.736175537109375
Accuracy: 0.9696000218391418