Loss: 29.051328659057617
Accuracy: 0.9711999893188477