Loss: 26.524137496948242
Accuracy: 0.9696000218391418