Loss: 27.658233642578125
Accuracy: 0.9697999954223633