Loss: 25.737842559814453
Accuracy: 0.9697999954223633