Loss: 32.69229507446289
Accuracy: 0.9667999744415283