Loss: 26.846012115478516
Accuracy: 0.9685999751091003