Loss: 26.938152313232422
Accuracy: 0.9685999751091003