Loss: 30.89899444580078
Accuracy: 0.9664000272750854