Loss: 28.083812713623047
Accuracy: 0.9682000279426575