Loss: 29.143014907836914
Accuracy: 0.9667999744415283